# "wavelength [m]"
1.9999999999999999e-07
2.1999999999999998e-07
2.3999999999999998e-07
2.6000000000000000e-07
2.8000000000000002e-07
2.9999999999999999e-07
3.2000000000000001e-07
3.4000000000000003e-07
3.5999999999999999e-07
3.7999999999999996e-07
3.9999999999999998e-07
4.1999999999999995e-07
4.3999999999999997e-07
4.5999999999999999e-07
4.7999999999999996e-07
4.9999999999999998e-07
5.1699999999999998e-07
5.3300000000000002e-07
5.5000000000000003e-07
5.6699999999999993e-07
5.8299999999999997e-07
5.9999999999999997e-07
6.1699999999999998e-07
6.3300000000000002e-07
6.5000000000000002e-07
6.6700000000000003e-07
6.8300000000000007e-07
6.9999999999999997e-07
7.1699999999999997e-07
7.3299999999999991e-07
7.5000000000000002e-07
7.6700000000000003e-07
7.8299999999999996e-07
7.9999999999999996e-07
8.1699999999999986e-07
8.3299999999999990e-07
8.4999999999999991e-07
8.6699999999999992e-07
8.8299999999999995e-07
8.9999999999999996e-07
9.1699999999999997e-07
9.3300000000000000e-07
9.4999999999999990e-07
9.6700000000000002e-07
9.8299999999999995e-07
9.9999999999999995e-07
1.0159999999999999e-06
1.0310000000000000e-06
1.0469999999999999e-06
1.0640000000000001e-06
1.0800000000000000e-06
1.0969999999999998e-06
1.1140000000000000e-06
1.1319999999999999e-06
1.1489999999999999e-06
1.1670000000000000e-06
1.1850000000000001e-06
1.2039999999999998e-06
1.2219999999999999e-06
1.2419999999999999e-06
1.2609999999999999e-06
1.2809999999999999e-06
1.3000000000000000e-06
1.3209999999999999e-06
1.3410000000000000e-06
1.3620000000000000e-06
1.3829999999999999e-06
1.4049999999999999e-06
1.4270000000000001e-06
1.4490000000000000e-06
1.4719999999999998e-06
1.4950000000000001e-06
1.5179999999999999e-06
1.5409999999999999e-06
1.5649999999999998e-06
1.5900000000000000e-06
1.6150000000000000e-06
1.6399999999999998e-06
1.6649999999999999e-06
1.6910000000000000e-06
1.7179999999999999e-06
1.7439999999999999e-06
1.7709999999999999e-06
1.7989999999999998e-06
1.8269999999999998e-06
1.8549999999999998e-06
1.8839999999999999e-06
1.9139999999999998e-06
1.9439999999999999e-06
1.9740000000000001e-06
2.0049999999999999e-06
2.0360000000000001e-06
2.0670000000000003e-06
2.0999999999999998e-06
2.1320000000000001e-06
2.1659999999999997e-06
2.1989999999999996e-06
2.2339999999999997e-06
2.2679999999999997e-06
2.3039999999999999e-06
2.3399999999999996e-06
2.3759999999999998e-06
2.4129999999999996e-06
2.4509999999999999e-06
2.4889999999999998e-06
2.5270000000000001e-06
2.5670000000000002e-06
2.6070000000000002e-06
2.6469999999999998e-06
2.6890000000000000e-06
2.7299999999999997e-06
2.7730000000000000e-06
2.8159999999999998e-06
2.8599999999999997e-06
2.9049999999999997e-06
2.9500000000000001e-06
2.9959999999999998e-06
3.0419999999999998e-06
3.0899999999999996e-06
3.1379999999999999e-06
3.1869999999999997e-06
3.2360000000000000e-06
3.2869999999999996e-06
3.3380000000000001e-06
3.3900000000000002e-06
3.4429999999999999e-06
3.4959999999999996e-06
3.5510000000000000e-06
3.6059999999999999e-06
3.6619999999999998e-06
3.7189999999999999e-06
3.7770000000000000e-06
3.8359999999999994e-06
3.8959999999999996e-06
3.9569999999999996e-06
4.0179999999999995e-06
4.0810000000000004e-06
4.1439999999999996e-06
4.2089999999999999e-06
4.2740000000000001e-06
4.3409999999999996e-06
4.4089999999999996e-06
4.4770000000000005e-06
4.5469999999999998e-06
4.6180000000000005e-06
4.6900000000000000e-06
4.7630000000000000e-06
4.8369999999999996e-06
4.9119999999999997e-06
4.9890000000000000e-06
5.0659999999999994e-06
5.1449999999999990e-06
5.2249999999999991e-06
5.3070000000000002e-06
5.3890000000000004e-06
5.4729999999999999e-06
5.5589999999999996e-06
5.6449999999999993e-06
5.7329999999999992e-06
5.8219999999999995e-06
5.9130000000000000e-06
6.0049999999999993e-06
6.0989999999999995e-06
6.1939999999999995e-06
6.2899999999999999e-06
6.3879999999999997e-06
6.4880000000000004e-06
6.5889999999999999e-06
6.6909999999999991e-06
6.7949999999999993e-06
6.9009999999999997e-06
7.0090000000000001e-06
7.1180000000000003e-06
7.2289999999999997e-06
7.3409999999999997e-06
7.4560000000000003e-06
7.5719999999999997e-06
7.6899999999999992e-06
7.8089999999999993e-06
7.9309999999999991e-06
8.0550000000000000e-06
8.1799999999999996e-06
8.3070000000000003e-06
8.4369999999999990e-06
8.5680000000000000e-06
8.7019999999999990e-06
8.8369999999999986e-06
8.9749999999999996e-06
9.1140000000000012e-06
9.2559999999999991e-06
9.4009999999999986e-06
9.5470000000000002e-06
9.6960000000000000e-06
9.8469999999999991e-06
9.9999999999999991e-06
1.0227000000000001e-05
1.0458999999999999e-05
1.0695999999999999e-05
1.0937999999999999e-05
1.1185999999999999e-05
1.1439999999999999e-05
1.1698999999999999e-05
1.1965000000000000e-05
1.2235999999999999e-05
1.2512999999999999e-05
1.2797000000000000e-05
1.3086999999999999e-05
1.3383999999999999e-05
1.3687000000000000e-05
1.3997999999999999e-05
1.4314999999999999e-05
1.4640000000000000e-05
1.4971999999999998e-05
1.5311000000000000e-05
1.5657999999999998e-05
1.6013000000000001e-05
1.6376000000000000e-05
1.6748000000000000e-05
1.7126999999999997e-05
1.7515999999999996e-05
1.7912999999999999e-05
1.8318999999999999e-05
1.8734000000000001e-05
1.9158999999999997e-05
1.9593999999999999e-05
2.0038000000000000e-05
2.0492000000000000e-05
2.0956999999999999e-05
2.1431999999999997e-05
2.1917999999999999e-05
2.2414999999999998e-05
2.2922999999999997e-05
2.3442999999999999e-05
2.3975000000000000e-05
2.4517999999999998e-05
2.5074000000000001e-05
2.5642999999999998e-05
2.6223999999999998e-05
2.6818999999999999e-05
2.7426999999999997e-05
2.8048999999999999e-05
2.8683999999999998e-05
2.9335000000000000e-05
2.9999999999999997e-05
3.4819000000000000e-05
4.0410999999999996e-05
4.6901999999999999e-05
5.4435000000000003e-05
6.3177999999999997e-05
7.3325999999999996e-05
8.5102999999999988e-05
9.8771999999999996e-05
1.1463699999999999e-04
1.3304899999999999e-04
1.5441999999999998e-04
1.7922200000000001e-04
2.0800800000000000e-04
2.4141800000000000e-04
2.8019399999999999e-04
3.2519799999999996e-04
3.7743099999999996e-04
4.3805299999999999e-04
5.0841199999999997e-04
5.9007199999999997e-04
6.8484799999999995e-04
7.9484699999999989e-04
9.2251399999999993e-04
1.0706859999999999e-03
1.2426569999999999e-03
1.4422500000000000e-03
1.6739000000000001e-03
1.9427579999999999e-03
2.2547999999999999e-03
2.6169609999999997e-03
3.0372910000000001e-03
3.5251339999999996e-03
4.0913329999999999e-03
4.7484729999999996e-03
5.5111620000000000e-03
6.3963529999999996e-03
7.4237200000000000e-03
8.6161010000000010e-03
1.0000000000000000e-02
